centroid 0: 3985 digit images	
-538.617376  -182.908283  591.496387  -303.850067  229.888260  -275.350235  -124.277868  -299.596712  128.454029  -44.487722  -10.727030  -16.591722  70.187982  18.831379  43.818336  -31.029575  -3.046582  -47.867325  40.495903  43.562472  -28.574230  4.889756  -65.100758  -36.755281  -6.395377  	
	
centroid 1: 5284 digit images	
-230.172458  33.314129  245.627457  562.577337  -242.462938  -531.017487  159.302006  129.120480  -40.163016  124.837122  -93.671196  77.272191  -93.306136  59.814259  11.278055  43.901184  -84.338028  -48.178152  -54.773155  38.776087  20.672117  -50.217308  0.583326  -19.707555  6.865297  	
	
centroid 2: 3690 digit images	
-1160.575760  -224.478073  -133.890566  -5.555423  657.798748  243.565588  127.023428  304.914295  35.913648  -122.093778  -117.210439  -56.715206  62.166003  -72.344381  -7.356672  -1.420670  -62.481814  8.366360  21.345263  -71.382508  41.995629  -8.112849  61.575111  15.823129  -23.797812  	
	
centroid 3: 7081 digit images	
255.755015  615.530281  -235.589692  -185.342091  -27.435753  -107.336988  41.506482  -55.857782  -55.664120  -173.484094  -136.820362  -122.043678  41.394470  -95.481514  38.872227  38.497278  2.346044  -17.491620  14.682344  87.828097  -61.310729  -14.184793  -62.270971  72.144001  -23.815008  	
	
centroid 4: 10390 digit images	
737.633880  -358.293485  87.879789  96.010686  213.487568  11.436063  30.294974  80.983376  87.298752  -57.272863  21.819727  -35.887170  -23.956097  32.998201  -97.582127  10.295663  30.170927  6.757882  32.274314  -16.656400  7.427396  11.495020  -38.927716  1.695956  0.035448  	
	
centroid 5: 7433 digit images	
-214.537437  -440.095129  -645.973076  -154.096885  -109.095394  -96.917132  -60.815638  -111.011187  17.347439  212.689260  79.036244  51.409051  21.278681  4.990233  39.119621  -19.325958  58.060878  9.669174  -11.171510  37.373989  -7.088612  11.214697  17.896942  38.600044  37.171716  	
	
centroid 6: 5385 digit images	
-141.551626  586.356321  -337.910994  407.474114  5.981961  95.192629  -279.372574  -147.198903  175.000887  -125.095775  78.120837  71.562497  -19.730591  86.012885  -67.786837  31.803206  3.167963  86.092251  -16.882080  -57.879010  25.354860  4.342586  39.857821  -75.598498  -24.071988  	
	
centroid 7: 4568 digit images	
-185.784658  -320.015877  319.557151  452.703135  -339.828898  362.401724  98.867956  -224.997139  -250.720164  -138.504248  53.585206  -30.359855  125.321459  -67.310522  131.626017  -6.369486  45.674054  11.591513  2.033004  -56.001525  -17.190043  45.467178  -66.676650  31.099333  46.384144  	
	
centroid 8: 6589 digit images	
240.930500  521.464185  338.814031  -264.962135  46.957648  241.137156  106.547529  57.191727  -7.737675  358.080736  25.440782  63.643520  38.428298  27.023785  30.161042  -56.353585  -14.795193  9.046405  -37.098783  -65.768612  21.467955  29.602932  63.490408  -36.752565  -3.086360  	
	
centroid 9: 5595 digit images	
-37.852670  -199.305727  93.507250  -499.985466  -368.980074  108.867118  -111.009771  216.150331  -146.580112  -150.546722  52.147759  10.008757  -167.624685  -28.910558  -34.706328  -19.633730  -36.019150  -32.160500  3.412032  28.436704  10.700463  -45.162324  73.835582  -20.727579  -16.609011 	
