centroid 0: 5138 digit images	
-217.588400  17.397646  267.695133  526.330650  -257.564811  -568.278205  148.254653  124.914881  -45.996297  116.115267  -92.967691  105.487931  -83.675706  53.946777  14.073449  44.925569  -87.079911  -40.527756  -49.013601  33.082308  28.962890  -39.305635  -4.185606  -10.390620  -2.407330  	
	
centroid 1: 6654 digit images	
245.270113  525.637116  330.928859  -270.612537  46.020450  238.884332  113.181136  56.099891  -11.573457  355.307867  22.144202  62.536653  43.428042  23.946213  29.737652  -51.920590  -16.604345  9.412714  -37.578168  -62.230629  24.245738  29.728700  62.001921  -35.250824  -0.706547  	
	
centroid 2: 5411 digit images	
-165.395221  564.877950  -309.217848  462.018914  14.487403  115.090926  -254.377345  -132.663898  174.563086  -97.198575  85.478266  41.176585  -25.284385  82.703143  -77.776442  33.435928  -3.182344  74.736818  -27.063283  -40.682793  25.582071  -9.897239  52.116852  -79.607571  -11.898869  	
	
centroid 3: 7449 digit images	
-214.994755  -439.730988  -645.335740  -155.569114  -109.960675  -97.106421  -61.195975  -111.130408  17.843445  211.937697  79.082961  51.004556  20.748298  6.613132  39.468994  -19.000124  57.885703  9.969581  -11.577746  37.002357  -6.843204  11.918922  17.693427  38.410899  37.531110  	
	
centroid 4: 3694 digit images	
-1162.306578  -224.886920  -131.845054  -6.952148  656.113014  240.920684  128.317326  305.601829  35.099547  -121.951597  -119.022171  -56.061564  62.351821  -71.350093  -7.690449  -0.928085  -61.423598  8.869625  22.255030  -71.643070  42.408803  -7.675406  60.548711  15.862957  -23.578906  	
	
centroid 5: 4547 digit images	
-186.689681  -323.447055  320.596527  452.252162  -341.997006  359.883387  100.921454  -226.118494  -253.999222  -138.584771  51.027303  -29.939778  125.992616  -66.440688  131.585627  -8.185845  46.470179  12.107825  2.554010  -56.019263  -17.864693  47.042611  -67.435317  30.907230  46.169947  	
	
centroid 6: 7291 digit images	
245.483591  612.974674  -251.909338  -171.216288  -27.983368  -112.777974  25.819333  -62.020011  -47.250477  -184.428503  -136.157735  -110.168954  32.774369  -85.751027  41.342072  32.194196  3.742992  -13.879615  18.605543  77.584328  -66.420496  -14.537441  -62.516791  64.436007  -27.797858  	
	
centroid 7: 5529 digit images	
-36.734613  -200.053726  95.430601  -500.042921  -371.162582  115.325739  -110.853240  219.675596  -147.039481  -150.477819  52.489936  9.319746  -170.000722  -30.821865  -35.151153  -18.691090  -34.098964  -33.683551  4.420526  29.168001  9.941844  -45.479395  74.314927  -20.532593  -16.237205  	
	
centroid 8: 10342 digit images	
739.404603  -359.226577  87.673547  94.954214  214.022112  13.755929  30.720877  81.885296  87.971801  -56.559474  21.290119  -36.318623  -23.407457  33.007477  -98.018381  11.008993  31.780023  6.622731  32.597422  -16.545201  7.201927  11.579797  -39.742688  2.008401  0.219258  	
	
centroid 9: 3945 digit images	
-534.552036  -181.118104  591.752615  -315.445283  236.248550  -266.950721  -128.898759  -298.969618  128.978193  -43.439514  -7.938622  -22.891653  66.680674  21.964506  49.019143  -32.782845  -2.001561  -51.189671  36.380042  38.568337  -29.961557  5.335232  -67.415651  -36.401084  -7.798829 	
