centroid 0: 5699 digit images	
757.608724  -258.570469  -64.073566  55.854351  282.496149  -247.063125  237.438300  154.515956  -55.240277  -103.560728  197.159466  -133.529197  2.861611  6.855165  -94.212624  49.918446  86.029318  67.004928  26.001776  -69.241182  16.371012  18.192083  -52.441154  -37.612187  29.069290  	
	
centroid 1: 6917 digit images	
-96.187034  -222.986524  201.372148  -521.479394  -247.180278  -12.551900  -136.058507  56.002180  -118.450291  -122.275938  39.209478  -13.441390  -114.378882  -15.896118  -8.314318  -10.258284  -67.163741  -37.194633  -1.923383  35.913163  -14.380043  -10.148413  58.947453  -33.380818  -12.091351  	
	
centroid 2: 6827 digit images	
238.726334  523.579460  327.691224  -273.817711  55.387755  227.624422  117.441689  51.527956  -14.012702  345.699503  22.757724  55.133527  43.546291  20.879638  32.941558  -57.437035  -19.173716  5.279478  -32.804031  -60.905370  25.899464  32.556700  56.814116  -31.840813  1.892341  	
	
centroid 3: 4996 digit images	
-1128.571931  -203.410165  115.819451  -112.555126  627.176051  91.435000  56.000997  162.774032  77.729488  -114.673070  -101.875120  -43.889303  82.568889  -28.457338  -11.874639  5.815329  1.274532  -21.903648  11.387608  -53.126844  30.251460  -34.301083  16.412283  2.012091  -31.038244  	
	
centroid 4: 5498 digit images	
-170.651667  543.328257  -301.044642  481.709818  23.727025  120.156939  -238.493903  -123.180262  173.575460  -85.631110  86.677035  29.795403  -31.802610  79.696258  -75.645321  34.773671  -8.636609  66.318409  -28.896160  -35.893114  26.505686  -13.830515  56.904044  -82.181331  -7.052567  	
	
centroid 5: 7643 digit images	
-219.977114  -432.500246  -649.158683  -139.804370  -128.699179  -64.301227  -54.358739  -85.961733  22.751088  206.973392  78.243459  58.171832  15.847555  -4.439683  34.648284  -33.358965  56.580542  11.834816  -3.816528  37.504911  -1.621458  9.045979  11.759783  38.931650  33.588473  	
	
centroid 6: 4613 digit images	
-217.927239  -307.621516  347.440290  444.641810  -322.924467  339.173663  100.204275  -239.393202  -247.648933  -141.162478  67.582840  -28.479591  128.737323  -54.272049  133.373371  -8.945316  55.767622  12.997375  14.008949  -48.813381  -13.659845  49.867533  -74.094666  33.523677  45.073608  	
	
centroid 7: 7179 digit images	
229.506255  629.452475  -255.392635  -166.408121  -43.299833  -101.189675  15.131611  -63.796431  -40.835949  -189.162768  -144.350685  -105.848021  32.452132  -84.493500  33.937719  29.636138  4.039201  -8.832474  21.445574  75.092982  -69.054487  -17.494529  -66.710533  62.138311  -29.062031  	
	
centroid 8: 5429 digit images	
-222.656629  1.468120  304.486847  489.575433  -243.799990  -574.999378  137.117887  91.016183  -21.650825  104.291854  -87.281613  113.740914  -62.524205  44.685546  16.461706  42.546624  -88.487151  -32.531738  -32.512701  44.022726  25.796374  -33.614840  -5.114315  -8.738163  0.891654  	
	
centroid 9: 5199 digit images	
681.338337  -448.474701  259.820729  120.432462  108.786984  307.437714  -208.151841  -5.869351  243.578937  -3.717031  -176.457382  69.661241  -70.902410  53.974587  -70.844036  -36.384153  -17.694905  -62.743613  34.266543  35.620570  -7.003756  0.110508  -25.582298  48.769759  -31.150732 	
