69.58292739020233 339.32260636479606 -452.35257388297526 687.8349223975789 -68.49194145060154 310.03574132712987 -48.78655144313636 -365.1638260620567 367.2854178261505 -445.9142671643096 -1.2143444488997746 -51.02790003970491 350.71746654520734 106.2093465177537 -102.321734538714 -239.55430484236717 285.66783422400016 15.047196389791186 -145.9066594599669 464.7623898180091 -161.18614136244386 -371.6753615874904 436.39178607503686 -249.00020687011474 -21.933294736137483 
-1233.7901613273195 -152.65894842333202 504.3515779659946 -269.1907577009127 762.5335697062123 -460.50811493863426 -364.78959276600773 332.65658531555005 -157.79009579391038 -170.44529135632786 -176.1864658077471 4.445174250170267 86.1020794790826 290.60339364732505 -97.20974050231233 207.31656331869698 132.92596781553854 -93.02949878184035 -173.13812165606157 147.38639016192553 -279.06424754079893 132.24317868251504 167.1104594379401 -202.25129957556913 -147.90004764126869 
788.8667017817239 454.31641674231474 -30.971501630266744 -196.04039924087408 245.8468399356705 398.16486269296803 513.0550936546872 47.20698622810621 144.07937621996808 200.3357098802049 -324.0256000450001 45.814268620545135 -23.682133793426615 -74.78907901715755 -10.503857896404904 162.96890818415685 11.148933484861878 183.74492222418175 -348.63446985630304 43.63071276551702 209.27295119709228 248.98013110462807 21.59503368725496 85.44052432096657 66.6922297574142 
-723.3032471652684 -650.618258426859 -885.3072597180734 277.97357281628285 -180.9813589452144 -197.1736058250951 318.037977457057 366.58375274870934 -383.29519278903865 480.5919918055792 -47.2782122991014 0.7889823506377328 -155.1787839589927 -84.8847590688989 227.8758528479695 -309.74433715926074 -359.62191257194485 119.57407593516142 52.549190014991204 191.50783382942836 -133.36183643230999 503.1428703516109 115.10107111710487 302.2017345286222 118.08066810011528 
799.3928426927356 -661.4860184539804 209.55132222514374 196.68835795531962 -26.69276460781929 539.7676551102181 -510.1998502457491 -62.88290278683186 433.1134804089448 -161.40906222562558 -442.9532160742935 55.111804253539496 -365.6027100348042 1.9137476989603281 -90.8206934713527 44.00364535137333 -57.96873617298896 -179.5829777041745 22.46030719022294 172.5938074920545 44.453110528449265 25.035052364406457 -129.90182964414433 184.92551041081683 -22.40171573152299 
59.989136645630694 -514.2641612456213 488.45240904507386 -384.4847363358288 -205.8262331971879 -106.84678084980055 -650.553529308341 -347.6503130719612 -268.65159723404906 213.50547623679483 218.51503926723666 -588.1481251333244 -22.759930219226778 418.99024359799614 181.82853174338666 15.397982510376997 -279.174580342208 149.35322357029108 245.34663459901878 103.79463137898077 -98.2303656719995 64.63836781828562 -148.16483611211834 -307.8068554856763 -253.90012344758128 
73.80064713285398 556.8321085540098 71.16740972008517 129.6845180273359 288.2994095476842 -354.9280813396174 -537.5340472086475 88.9413338160125 -221.74128635345926 -262.6208421733668 79.65624708075393 175.75590306060766 26.884189553391064 -225.6539101735466 -260.31332051474317 -30.247582983914725 61.18064935342246 41.443155683522434 43.934832893549974 -23.322060546248927 -354.16950671057856 -225.33875500542808 -95.66814864173716 55.7449884409119 16.095453025222195 
-467.61708713938464 282.8960944177196 400.9173315971583 934.2702802840753 -386.68283613450416 -414.61920092376556 282.45702663274915 295.9872788816633 -351.1711899930351 -99.41662243719618 -284.2951212812182 129.57738294614828 -69.42052023622328 509.3818994500886 -211.44081741790896 221.05652017118808 164.61798753933644 101.90542206203338 160.22248390321738 -21.889008944498123 -68.25226009187323 17.205888106807027 18.386313402285076 110.16547995891561 150.62848988666855 
-947.3209562386743 195.3681403642093 -31.216868473351546 217.0423395769281 -635.7672479114852 159.77725989173092 674.2439483805778 -277.0587464934214 -29.936429138967984 116.49133907679898 75.03975884353699 -109.8171956653073 410.52521597111877 -3.650187452110041 188.1589141248885 -229.18663850688858 -155.27214222567193 -119.43919500372714 335.63604094611105 -246.6207614390413 81.4698302545328 130.70745128404295 -118.54852291169912 19.093127349396852 -111.93331091362097 
378.2797101606406 -174.6756307313513 -132.61605712874916 -241.79878593777235 -197.1040441193146 216.3469350839689 71.56981242141092 428.02450082673505 -121.73119523537886 33.44383507826655 -70.46402880195495 -34.91219475979704 -328.05936909430943 -309.15742935566254 -112.57019647674761 192.44974089054912 -74.44331980316032 -540.6159565906381 253.76995157244923 71.37536201731105 151.25636305701528 1.050373625276309 105.70923038936941 65.76764962980403 42.95256860428926 
