887.5993439821424 -503.97095045701593 108.99794502722867 125.35986474364533 446.87473280126034 -268.67770501143843 271.77721432787143 282.19523159950415 81.37326128632665 51.34879112037189 360.60800243061607 66.79067465113677 -62.60205538681614 78.62291442537543 -296.3138328035707 60.951791178694954 5.083410552023325 192.26361178516365 56.76098962635939 -241.58997307204768 72.58882304254459 122.81356662864181 -46.13828628946222 -129.319937106612 68.46317166751467 
-103.93469202891038 916.9423299180339 123.21246383951811 -852.1663201419434 -121.52021453274452 -319.1230567579184 160.330918363243 -458.63635751150935 385.83344689744996 139.59358508352702 -113.62335485527285 -319.74247076840044 121.011737092774 -307.2431068158867 -99.84402434710452 -55.35515202204529 160.5651132394744 317.1435443948312 146.36501764319814 183.63587871085764 192.8751671956782 -240.62623476377206 -87.53720956835268 118.41538435943714 166.3909434947073 
-1324.0882860068675 -20.297247307491478 -285.291036213718 177.37671094530816 42.99078275385261 -174.59462256489815 501.3886170365331 368.57529689290897 512.2339897732224 441.0201980289271 -323.79866003367493 341.1382183344222 202.59668945036626 -838.8204097953325 -158.78592227750892 -32.45618131024502 79.687017901312 95.59835702596992 276.2234134776104 -171.09640012609543 -211.3035781289019 177.32956952225422 -182.5209612920439 9.457692986949528 -142.53854472598934 
-68.1290527825271 -693.5443625520021 -635.8204936076797 -390.39578058991214 -690.2790282662805 -520.0196171701773 180.76457872562256 -437.65194089895994 299.21070463314936 122.45274169230022 5.57145220404419 -327.21631958340663 174.45149615979005 74.76504292166484 -20.815968267246404 -422.22811364861144 -36.43003301895388 -104.66760555967407 -49.59813766948037 -448.39349750660153 -265.0966322790094 -161.6906243318953 194.73719333722246 57.50337232554092 99.39878273817465 
132.7778557281104 -172.39184045452092 -387.7003026647228 246.45433352681346 -314.933776966266 211.51214907582957 -63.68807189461283 454.56532073584395 -420.73136987370935 94.57922309827754 172.86548060194482 86.77175462970575 -206.06329821482635 41.48098847443896 -110.56777508463848 -237.01338765268153 -74.08322801284318 71.61512818410371 272.062633868236 103.90641383377144 98.33869571373543 -120.01303139321774 -216.11732473693428 -107.51154914308518 -111.28163136503552 
-253.8109066360716 73.95290909950914 743.2635125450548 309.830706709739 154.98587766374695 -823.3752328277646 87.364201536224 -561.232919398631 68.05614784991755 97.784245587656 256.51178205967494 294.7397240396068 402.51181770135787 -117.87337014111027 92.70404375859276 -9.440071694251715 -163.96820295125076 -116.90561942449271 385.17574767009893 369.09231504345803 -38.86877596978446 4.297847506975437 -4.148028553036814 -17.936941368026787 -149.28504466243513 
-858.0988730687129 166.01803466974795 307.7387569060668 722.4816944555994 -923.8962068169029 267.5941184511192 29.752836138206572 -91.33651717161958 -248.71035166438605 -30.924536725939817 127.70701655522073 45.754581229473025 332.6730211958644 -268.66928769433355 -79.34345920286631 -404.5779740699108 220.4724832128169 12.560249164955334 467.46484556379414 -148.9714162444428 212.61598276666012 -68.3147509593534 -323.8272935765367 -258.19180857917866 31.046260978505114 
291.770346608964 413.0864264590548 645.5765094450929 -50.68562723398058 -107.66475555995122 -105.31577517951584 -76.27464411913549 142.51714521803268 -114.89394181179712 292.6654062540214 185.87444014770554 346.33465170822245 126.92251080135902 -127.29482319962983 203.68304372223292 -45.272847186877286 171.63587373062128 143.49513242206186 -176.52084064818575 -70.20041559756972 193.73584432940171 -163.9740755365277 184.6261590093268 -474.74617785750064 -73.48627232411874 
551.1366203055052 429.99098143349295 -206.24428345158893 -119.26515335716199 83.57790394967792 10.291861085406886 -186.3714861641103 180.83052769396315 -166.63389623463698 127.68454729435318 -352.56493647387066 -291.37337550110067 362.5964231725919 -111.32050610799301 95.79649841972257 297.8577403925605 -158.98971778643045 -88.93164111261133 136.54377806939883 19.047152557480594 -36.10412959595539 -6.277807852336693 -14.458841730128714 28.584438971179363 72.87682524590006 
26.038992666910847 -326.6436890153325 329.3007001797723 -742.631849642026 267.81703202106314 -252.08506392248242 -106.02092924402598 -735.9026387450789 316.80424621176974 116.12634352443216 -142.54361403709277 -269.4155819440066 -455.39658259681283 80.35925144664994 395.53435667949196 -170.40078436929267 -141.04072014282116 53.89572684715696 -214.32960641243983 -359.9216114154193 -70.53739385546997 173.47233236143515 127.59637025652931 104.49152418484245 149.06142104766857 
