-933.8795603894978 -243.30985574766123 898.0952544766656 -382.8502307663874 29.98561978399955 -372.00109422524963 60.363616772230635 -620.572006103698 334.4176029637245 80.84326740962373 -139.99250419645094 246.1952676798038 81.05878021019687 -435.13181210781636 -593.6375508988192 -47.907480844020824 -115.21944043051231 -194.1033479894457 302.32137696134055 -3.81435738165108 -84.86511240748516 -49.55689059805985 -120.62749064496315 -233.95013199304648 -120.1143602019811 
-375.0382379442348 -495.64078950501766 -778.4005493916937 79.19691304678997 -29.607202186242063 -443.85399924500683 -149.78017459775174 327.003562839779 -333.61268495417255 769.1350287089807 -97.13349326334351 -69.69984091483614 -12.169880996938073 -47.63666437673988 169.4232889186205 -16.97193384923267 -90.76733201214728 -33.57934708398238 -105.16083222536912 -19.71733020471217 -170.2208923708075 60.69509861546817 57.935132982717995 399.6372196973069 32.982626851185984 
-88.5948242900408 456.1639768171705 -25.202877228464565 818.3742029539643 323.2304511502292 431.75529397739115 -559.8248062675752 -327.6178832998838 7.271472712269295 81.2097484835033 421.14733696161574 230.17481580200692 166.04887278623494 -276.62072165097976 -369.4940474859632 299.02179782167923 -29.71753954554018 182.87454129310967 -244.63240284112916 41.96853539108979 433.83717810729047 -36.20255187724622 34.522149254108804 235.79778549207353 -132.3602536682132 
234.9856389193827 -461.0884171466499 30.488339906375742 931.2148104342162 -292.08130231107106 142.7136677965766 -154.42591749973474 62.431178394206626 224.98406201984082 -373.6188628139867 -220.1173332891106 -316.7095710295434 351.99213001712263 -329.0573729980881 -83.09434940246071 -9.78942431041454 262.96824293202985 -124.93856997596086 -28.00991180270404 -240.79487973975486 -78.8827908768171 68.61756804158222 86.24298610213968 -16.920775986318127 86.92604151932733 
-71.03736780836024 -552.3330041855326 365.1670302773964 -434.6046062079355 262.795718020746 -77.93551763194918 -257.6684493076226 -935.1766267446162 -169.37747912779935 -66.30317884870955 -59.51364797666256 -99.66452568232519 -38.400625034420976 374.2949043977903 81.24055498099963 212.3201107092026 219.67266982451548 122.4980724342884 62.1191377987593 298.2201477501161 139.53175407210836 37.54546329379581 -272.66634229712815 -259.9673818858196 -261.7343972996083 
113.79444529761393 920.937499994861 -331.03431370337614 -578.3628072591112 -71.71702958439901 -49.66414686914523 321.6511601591372 -156.3181194292386 -111.24687274419266 58.68348005438761 -37.641858180549406 -243.9938034905589 -12.277121088834058 64.48101078070694 -5.262946882464952 202.01803540197918 -413.5965642065794 -127.40141360663713 351.52139233105294 166.1352249010458 -31.99312605507022 108.6352222580311 -193.9004840417717 146.82207585703108 357.08194169022454 
392.04582579154203 -562.4523111922169 377.62931007839234 -347.6294144526406 -183.28507367287193 -182.87341287545806 89.45899729983013 218.10876078182093 -30.398601105006467 -290.8267884603118 113.83411581757893 -147.92362112307947 -127.57913235195622 -394.3862772628862 -203.96755258963552 195.54854808226878 -226.4090431137041 -33.38402707217438 62.1767731218624 158.08350465005017 223.4529262764153 349.2952455918201 163.7794883971103 -37.18567762423697 -262.8922243080829 
388.62417797960455 -299.84152025403176 -178.34135255231678 353.5960826338077 240.42123154211438 -124.84151043636126 490.9578262952046 10.060566680975624 -450.92043456630705 -248.0661905375193 -112.89958071566744 -196.88788325685843 -57.66173330944637 187.42805394933023 253.69234641461497 -33.895858491333286 -47.507800964195546 -81.21621462236227 112.38020628345127 -83.72037101066185 -122.8596628072118 93.93163877971048 -184.06168627899103 -154.97675695666797 -40.647641150286994 
37.206647226344444 994.425866001845 -597.7421131930608 -237.17902700892546 149.18120550346276 83.42851454276632 157.94759857265137 -711.6592592516045 31.939558263814423 -554.01894399802 -296.1094320441201 465.3702258264168 -260.59468837113377 -32.42904978322934 166.73840949900523 -51.674736272988895 -143.32829705865706 305.39642718165675 -33.525021811370166 -10.693239581681539 -89.73253530659345 -22.17398273077052 -153.0649974128047 111.06020639090654 -97.8097911413559 
-959.3214694783778 223.6880006658332 615.0934366032716 1057.363317388601 -173.05753913633174 -308.98029709860003 619.462003072303 431.60937166386077 -225.60283866000722 -100.4733403116176 -155.10271521394958 -106.31664235964898 235.43322898640068 496.1608292948857 33.495876719019144 72.65372011641156 244.76615264498304 -9.724138902732381 263.2604998059863 223.98786406714285 106.22122695882031 100.77116856400025 277.56771412874855 405.23125629870475 -152.1919871991458 
